   8       0 sda 952252 133048 65634458 752429 49273238 3657599 2059156961 87258076 0 4301817 87971506
   8       1 sda1 297 166 10856 95 1 0 1 1 0 45 96
   8       2 sda2 340 0 31025 112 618 4 39904 381 0 137 494
   8       3 sda3 951514 132882 65585689 752191 38158951 3657595 2059117056 86166105 0 3331350 86885745
   8      16 sdb 415 0 30745 141 7 0 4096 11 0 89 152
   8      17 sdb1 64 0 6752 33 0 0 0 0 0 29 33
   8      18 sdb2 58 0 6704 34 0 0 0 0 0 25 34
   8      19 sdb3 151 0 8177 36 4 0 4096 10 0 36 46
 253       0 dm-0 871697 0 63777209 753821 51823138 0 2213142696 167892594 0 4277386 168699738
 253       1 dm-1 224721 0 1801472 51589 1115882 0 8927056 23329579 0 48995 23381498
 253       2 dm-2 209 0 7641 41 7 0 4096 11 0 34 52
